2.157437754428292737e-03
1.998783331217728228e-03
3.547174489404272910e-03
2.050892809244591383e-03
2.334259391769649260e-03
2.966857331944262703e-03
2.482966175229530618e-03
9.866955242757722080e-04
1.933672062055332439e-03
2.512260919480811903e-03
7.240115188238188584e-04
1.389284068205225283e-03
1.183760213101004138e-03
2.738680895857923715e-03
2.657179053374162693e-03
3.567759446271761073e-03
2.642343363423985906e-03
2.550042989685779270e-03
2.849546708459929287e-03
9.642984923415296762e-04
2.646435433485376434e-03
3.304690591932281721e-03
2.428800571621872288e-03
2.535470123366108299e-03
2.491506065909318036e-03
3.006956474048884647e-03
1.367363169437318254e-03
3.661094453391127747e-03
2.567155623999167659e-03
1.028197135512284345e-03
2.084333830931055145e-03
2.977503800955344417e-03
4.225820068299301034e-03
1.205710679527342843e-03
1.297416532133507851e-03
9.729267926666680232e-04
1.133937183327562125e-03
3.161885137633076073e-03
2.623616475758590132e-03
2.523488885774386944e-03
9.133119986751886453e-04
1.914573936011847600e-03
2.239831554608082403e-03
2.613384892621378134e-03
2.765774726867675781e-03
2.725329220764280413e-03
1.405791856172516549e-03
2.678674741054144510e-03
8.533549473041624834e-04
1.836789991911940735e-03
2.367831590607410129e-03
2.304155995526651571e-03
1.123915976426732724e-03
3.463912197924035648e-03
2.038483779261431213e-03
2.095215433225857196e-03
3.232441783890010589e-03
1.065480779475114388e-03
2.716163950642262997e-03
2.598949304715855117e-03
2.338268390790684218e-03
1.715051142249520311e-03
2.892764065209336120e-03
2.448762730350644706e-03
