3.026614508290929265e-03
2.098105319841640001e-03
2.764477973847877332e-03
2.953047358144925486e-03
2.668304471519049748e-03
1.334249151973273834e-03
3.193331985023078069e-03
1.289609848983644608e-03
2.557962898194320565e-03
2.234732541512316449e-03
2.399304016368595822e-03
2.537639122309647173e-03
1.097312475752642820e-03
3.394697360166414393e-03
3.063957522234578897e-03
1.227396797007463021e-03
2.030679560083104105e-03
2.651427439817293299e-03
3.016679775057815212e-03
1.451483040344058112e-03
3.227869591375035711e-03
1.198222083369578040e-03
2.041311010601013637e-03
3.589638574855534298e-03
3.202349182188980216e-03
1.117466589597266528e-03
2.627750550668070482e-03
1.107911777308606639e-03
2.487047685412910065e-03
4.264151486824816449e-03
2.684510598971148916e-03
1.145763425376471623e-03
1.990462616672666191e-03
2.565360679401187255e-03
1.196306052170400440e-03
2.645191010527723520e-03
1.130405138796708626e-03
1.619193380273233149e-03
3.886200780943622948e-03
2.762184368343803802e-03
2.410168488194623475e-03
1.339524867027763310e-03
2.825044506178127704e-03
1.229128265005397088e-03
4.068296725355733702e-03
2.448620054665512878e-03
2.405910276052520072e-03
2.520069597274299678e-03
1.340558444421122456e-03
2.286432530936293762e-03
2.359749763969361258e-03
2.857548045361135974e-03
3.550974402840681964e-03
2.295713021060613330e-03
2.131039936711469178e-03
3.599187520545298492e-03
2.345114007709533238e-03
1.573987481162304010e-03
1.083199081458444775e-03
3.806825932555311411e-03
9.380462249432961917e-04
8.535228493645435465e-04
3.406001357581671819e-03
2.779926840714582424e-03
