7.800233997697905361e-04
1.638898581970395013e-03
1.808746006545119446e-03
2.177957474716066266e-03
1.053291512286569104e-03
2.086844969922163444e-03
7.479935297815818503e-04
6.136189647546903261e-04
2.442137462886299643e-03
3.012212008003174735e-03
1.289539449796901901e-03
3.032835684423371495e-03
7.423333765014889169e-04
7.631040112240107792e-04
2.613624015192347102e-03
3.095241278175293875e-03
7.270740007790993040e-04
2.903599908032755087e-03
1.111711808076993593e-03
3.636379880229319034e-03
1.934057614934726064e-03
6.663060094427874537e-04
2.813918384041373243e-03
2.231359951139435041e-03
8.438635529495599813e-04
2.108891179242471884e-03
3.832897802037516736e-03
7.000085054420110637e-04
3.494521998983668356e-03
2.215735555633785003e-03
3.377781139584038177e-03
7.206991784215911875e-04
