1.333271659265353052e-03
9.832955955520390236e-04
1.235551486803790735e-03
1.465902319104652688e-03
1.508285093495226369e-03
1.322715301213302046e-03
1.484732693574559873e-03
2.384876876365481235e-03
1.022693327092749020e-03
1.188669969716410089e-03
1.514289792128435371e-03
1.046675983376390250e-03
1.497209189445015010e-03
1.341811549945140470e-03
1.844523107911658164e-03
1.229970239278838431e-03
1.056268693893913212e-03
1.088224879399997966e-03
2.185651167171208126e-03
9.111302692120469820e-04
1.543644727684381334e-03
1.524645277834313969e-03
1.518215954773069259e-03
1.662756279697568318e-03
1.580376794019083429e-03
8.804767033246558303e-04
1.315151377925722698e-03
1.081835449211240646e-03
1.290779531471372482e-03
1.671839886762964541e-03
9.076470934499906171e-04
1.121240807330514417e-03
