1.072681560291080050e-03
1.522998640856404852e-03
2.130052236121470367e-03
2.606119931213499163e-03
2.509127921006811066e-03
2.691876231216070326e-03
9.511720359794736523e-04
2.557686229390422009e-03
1.697060864741408055e-03
3.559795420939528172e-03
3.076687337845329228e-03
1.874284246775108961e-03
3.482866709626565669e-03
2.810732116849403665e-03
1.892319110434825076e-03
2.283793030761358412e-03
1.031554942055950023e-03
2.585416469048327191e-03
2.460823049695473001e-03
3.250011074261402715e-03
1.791186689391849546e-03
2.901068118613535796e-03
2.436133820240891749e-03
1.862159746838366924e-03
5.451796561714232492e-03
1.865633125380268239e-03
2.360819362279937064e-03
3.072774551046176042e-03
1.857305136252575912e-03
4.830121055362731480e-03
2.745524400801170519e-03
3.210364598927535444e-03
2.254448303087489610e-03
2.242609037189033112e-03
2.716513834600373448e-03
2.255878579898143183e-03
2.540813186975914625e-03
1.951746466591602240e-03
2.831420795185359256e-03
2.341354456473523395e-03
2.415608468018178977e-03
2.039124177196832959e-03
1.645704306016756860e-03
1.380344075480784095e-03
2.227122858753354667e-03
1.748815413535110587e-03
2.465032921062679933e-03
1.386844736384594502e-03
1.101173401817562075e-03
3.221937990564061136e-03
2.853565328703152118e-03
2.349677517658143450e-03
1.068440009289839225e-03
3.546621855788343637e-03
2.188863716726227940e-03
1.796847839993754746e-03
1.077305026880399355e-03
2.820999603571854204e-03
2.666327897019273550e-03
1.594463436622319203e-03
1.553931808847141974e-03
2.565604495251272692e-03
2.116116013113907880e-03
2.064711230946337898e-03
