2.550478291323804610e-03
8.975001066688477686e-04
8.033667141058313445e-04
2.137011195730975123e-03
3.294595113889439101e-03
2.064680724632082798e-03
3.738357091513205745e-03
3.468011777232012267e-03
2.402964539415254272e-03
2.643780914817269335e-03
9.420527599927946884e-04
3.069291199286153151e-03
2.463078874302661141e-03
3.346567313502153869e-03
1.157782326533099817e-03
2.903949087998998566e-03
2.581378606360728179e-03
2.631575573147751194e-03
1.746966026899382865e-03
3.314240945605781159e-03
2.341306115698626490e-03
7.545054545552711770e-04
2.438543115075179034e-03
7.312826988265270101e-04
2.271530665750578701e-03
1.072402662179601377e-03
2.448081735550887948e-03
3.120258333176139775e-03
9.365674313597791879e-04
2.939702253642044634e-03
3.478956738794882538e-03
3.049389818521935133e-03
3.153961005173330345e-03
3.540452775054090707e-03
2.558443724639772321e-03
2.417324096199095773e-03
7.719988898029477714e-04
6.757606788883058907e-04
2.776721565742192466e-03
7.137318295756663001e-04
7.373396101899034293e-04
8.257074266906798193e-04
2.742067331404197863e-03
2.703768765832495567e-03
8.014396537007309517e-04
2.273154305660818591e-03
1.318369559415682188e-03
2.777119321147287784e-03
7.988255558990117961e-04
9.616662080832353394e-04
2.098858356475830078e-03
2.552505083910123693e-03
2.453331637570238359e-03
7.284089453577056875e-04
2.405209804144431331e-03
2.900601606669388384e-03
2.211672114575003161e-03
2.897939109426783590e-03
8.614090249294371416e-04
2.560606856984416150e-03
2.810560108169795745e-03
2.385909397771039490e-03
2.456886327172827598e-03
8.750386594787356925e-04
2.736399258215596510e-03
2.349922037500096293e-03
6.183131825266860405e-04
9.327207611301752176e-04
6.962575194403880941e-04
7.689009149243512201e-04
2.399564493359543187e-03
2.412298063593586780e-03
6.492555610776885996e-04
2.551523015255064558e-03
2.145306566568810133e-03
1.146887113728861261e-03
3.051301391105952065e-03
3.095652174761914961e-03
9.621152962286641432e-04
2.962462545379878753e-03
8.200289696220338037e-04
3.338921023166085706e-03
3.772087688521137596e-03
2.799885244820061580e-03
2.329454412610512063e-03
4.020906808808093723e-03
1.999136500471220337e-03
2.652479203667227736e-03
2.447990451272078448e-03
3.323463708396971750e-03
2.881197009499617510e-03
3.228240360425213389e-03
3.546079782050425445e-03
2.437310894643227813e-03
3.090341729441965519e-03
3.381399188454695635e-03
2.841413490415558088e-03
1.413484023311945481e-03
3.314115165725467927e-03
2.595218617146409328e-03
2.579025161547923457e-03
1.009089388246611416e-03
3.550942253878736250e-03
2.998793219018170385e-03
2.916740854894082306e-03
3.248981838151225685e-03
2.784760683540284110e-03
3.686547748685821760e-03
2.412561121888047964e-03
8.701323641566779260e-04
1.175068612173786305e-03
2.346004088093915467e-03
3.581197008373230434e-03
2.176663537663737439e-03
2.667053947298545554e-03
3.034375549301387542e-03
1.183517805234653728e-03
9.204540548362131732e-04
1.325136446577357538e-03
2.635334185727937831e-03
2.693437685178021006e-03
6.723846858880651398e-04
2.067767259642834012e-03
2.276773762515210860e-03
2.440675975769523564e-03
2.389083697101262744e-03
2.129835875954215040e-03
2.839496285896601479e-03
